method comparison
[[], [98, 52, 54, 29, 40, 88, 62, 28, 27, 0, 85, 72, 67, 65, 23, 46, 33, 61, 63, 10, 97, 13, 42, 59, 93], [68, 17, 92, 41, 80, 89, 28, 59, 20, 0, 76, 83, 79, 57, 34, 21, 71, 47, 13, 96, 32, 27, 95, 38, 4, 48, 45, 31, 97, 90, 30, 75, 52, 35, 42, 66, 72, 73, 10, 9, 98, 91, 36, 84, 25, 54, 23, 94, 18, 49], [29, 2, 40, 5, 37, 68, 22, 85, 12, 78, 65, 20, 17, 51, 38, 44, 82, 73, 58, 72, 49, 62, 74, 11, 96, 18, 32, 52, 16, 69, 55, 77, 6, 47, 54, 91, 76, 64, 57, 24, 83, 60, 7, 98, 13, 26, 81, 21, 80, 67, 36, 92, 1, 34, 31, 0, 88, 35, 93, 45, 39, 99, 28, 59, 97, 30, 50, 25, 4, 41, 3, 33, 8, 15, 90]]
[[], [37, 28, 31, 15, 36, 29, 24, 41, 35, 10, 6, 14, 47, 40, 8, 39, 7, 11, 16, 13, 2, 66, 65, 50, 75], [68, 31, 39, 57, 76, 41, 18, 83, 47, 66, 79, 81, 32, 6, 49, 91, 13, 17, 11, 1, 82, 44, 55, 16, 73, 50, 0, 67, 87, 48, 20, 78, 45, 64, 15, 5, 69, 33, 63, 90, 88, 74, 71, 26, 42, 43, 38, 86, 56, 80], [72, 75, 37, 88, 12, 71, 30, 61, 46, 0, 14, 63, 55, 40, 81, 8, 62, 78, 3, 13, 84, 26, 44, 48, 68, 5, 10, 99, 89, 34, 85, 47, 51, 22, 31, 67, 97, 65, 57, 93, 20, 69, 76, 54, 45, 4, 64, 49, 95, 29, 86, 16, 15, 80, 41, 23, 27, 98, 94, 11, 24, 59, 33, 70, 18, 96, 56, 19, 87, 28, 52, 2, 73, 79, 77]]
[[], [69, 32, 56, 39, 71, 24, 43, 12, 87, 54, 46, 4, 61, 89, 2, 53, 45, 74, 60, 95, 7, 28, 99, 42, 19], [29, 99, 64, 66, 39, 85, 2, 32, 86, 10, 62, 70, 49, 18, 50, 80, 40, 97, 57, 19, 3, 63, 0, 8, 20, 89, 15, 54, 68, 35, 56, 30, 44, 81, 6, 17, 48, 24, 5, 42, 46, 55, 52, 94, 88, 33, 1, 74, 34, 58], [44, 21, 20, 79, 48, 3, 93, 57, 89, 49, 6, 88, 40, 73, 87, 46, 78, 84, 4, 75, 58, 43, 27, 5, 33, 96, 80, 97, 69, 0, 11, 35, 86, 83, 76, 37, 28, 8, 17, 2, 94, 38, 41, 24, 36, 54, 42, 55, 92, 65, 95, 59, 7, 12, 31, 29, 56, 99, 25, 26, 16, 13, 14, 66, 60, 98, 45, 47, 51, 9, 32, 18, 72, 30, 61]]
python proposedmethod.py measurement_1_12.db measurement_1_23_move.db

geo comparison
[[], [96, 54, 27, 31, 23, 19, 22, 83, 3, 86, 51, 68, 12, 92, 46, 29, 70, 52, 44, 73, 81, 98, 90, 18, 59], [1, 66, 61, 31, 99, 25, 27, 86, 23, 15, 28, 40, 14, 24, 30, 68, 62, 50, 48, 45, 0, 7, 2, 16, 9, 59, 57, 21, 34, 78, 74, 53, 33, 41, 81, 71, 19, 92, 94, 69, 10, 44, 55, 18, 32, 79, 73, 77, 47, 36], [42, 62, 53, 49, 64, 15, 5, 84, 79, 39, 45, 40, 81, 35, 67, 28, 74, 46, 90, 68, 2, 9, 44, 29, 13, 55, 99, 0, 82, 32, 75, 87, 31, 97, 34, 24, 25, 54, 18, 4, 98, 1, 19, 94, 85, 8, 3, 6, 33, 12, 60, 27, 58, 38, 78, 16, 63, 51, 73, 71, 86, 50, 95, 61, 10, 93, 20, 7, 48, 80, 88, 22, 37, 14, 92], [64, 12, 18, 80, 13, 29, 57, 19, 42, 90, 40, 44, 84, 22, 53, 25, 5, 83, 87, 41, 33, 30, 51, 20, 70, 8, 14, 59, 24, 76, 82, 60, 3, 27, 71, 99, 73, 47, 88, 91, 92, 79, 98, 63, 56, 78, 69, 16, 93, 7, 0, 38, 34, 61, 26, 74, 9, 36, 86, 1, 28, 32, 52, 2, 66, 58, 54, 77, 62, 72, 10, 65, 15, 48, 67, 43, 6, 37, 95, 85, 89, 17, 45, 4, 94, 81, 75, 97, 46, 49, 35, 96, 39, 11, 50, 21, 55, 23, 31, 68]]

error rate evaluation
[[], [17, 90, 62, 33, 96, 2, 11, 77, 84, 89], [99, 27, 25, 6, 2, 66, 37, 50, 81, 91, 20, 96, 95, 7, 9, 65, 53, 43, 92, 78], [1, 16, 20, 90, 84, 40, 49, 10, 9, 3, 14, 6, 12, 59, 75, 30, 7, 29, 37, 97, 57, 5, 65, 27, 33, 88, 83, 34, 60, 51], [95, 80, 68, 96, 17, 64, 14, 67, 38, 41, 50, 85, 2, 15, 1, 11, 0, 21, 98, 84, 27, 8, 99, 91, 10, 83, 47, 12, 46, 39, 4, 97, 78, 55, 29, 82, 74, 28, 19, 57], [43, 49, 12, 24, 81, 64, 42, 52, 84, 6, 55, 98, 21, 27, 51, 34, 37, 90, 66, 48, 36, 87, 30, 93, 0, 16, 39, 7, 31, 8, 65, 88, 41, 20, 40, 13, 28, 74, 50, 96, 75, 94, 77, 44, 97, 25, 73, 3, 56, 72], [85, 38, 78, 12, 52, 82, 92, 22, 89, 45, 72, 29, 3, 66, 97, 83, 36, 91, 57, 15, 62, 94, 28, 68, 20, 59, 7, 86, 21, 55, 35, 54, 0, 77, 30, 88, 48, 2, 61, 81, 63, 84, 58, 6, 27, 11, 51, 16, 46, 99, 93, 80, 74, 98, 32, 40, 70, 9, 10, 4], [72, 20, 51, 86, 90, 95, 11, 46, 47, 93, 57, 22, 30, 26, 21, 7, 36, 84, 82, 89, 80, 56, 99, 1, 39, 17, 50, 45, 33, 54, 70, 27, 15, 98, 75, 8, 59, 37, 79, 38, 4, 71, 91, 3, 92, 25, 66, 12, 96, 83, 48, 6, 34, 49, 24, 65, 97, 41, 64, 58, 44, 60, 53, 67, 94, 40, 5, 29, 76, 18], [74, 2, 26, 48, 75, 97, 57, 0, 37, 4, 3, 25, 30, 92, 77, 21, 70, 28, 12, 81, 99, 50, 71, 58, 13, 44, 34, 89, 33, 35, 24, 66, 55, 62, 84, 52, 83, 42, 47, 91, 38, 18, 76, 60, 78, 72, 5, 53, 64, 7, 67, 6, 8, 82, 29, 19, 80, 56, 39, 88, 36, 65, 49, 86, 31, 16, 20, 10, 11, 51, 85, 68, 17, 96, 23, 22, 73, 43, 87, 79], [69, 76, 2, 4, 94, 33, 47, 18, 46, 80, 25, 62, 64, 6, 52, 38, 10, 75, 13, 45, 24, 83, 41, 82, 53, 35, 8, 96, 54, 95, 17, 92, 68, 49, 16, 37, 60, 3, 40, 43, 7, 22, 66, 56, 70, 67, 90, 11, 50, 98, 19, 12, 88, 71, 15, 81, 27, 93, 63, 32, 84, 59, 31, 36, 1, 42, 34, 51, 29, 44, 55, 14, 39, 28, 58, 26, 78, 99, 89, 79, 77, 9, 23, 21, 48, 5, 61, 72, 65, 91], [40, 73, 93, 16, 9, 33, 81, 57, 56, 4, 92, 97, 83, 99, 7, 94, 25, 19, 72, 6, 41, 27, 62, 89, 38, 44, 67, 50, 64, 22, 98, 31, 12, 78, 75, 61, 20, 37, 52, 69, 8, 79, 88, 66, 28, 65, 63, 77, 36, 42, 29, 45, 80, 39, 48, 47, 32, 84, 58, 15, 30, 82, 35, 49, 86, 55, 14, 96, 85, 91, 13, 10, 74, 70, 46, 11, 90, 34, 71, 5, 26, 21, 2, 43, 76, 95, 59, 24, 18, 54, 60, 0, 23, 17, 51, 68, 87, 3, 1, 53]]
